 Jobs, Jdyn:   1626451.22028238       0.000000000000000E+000
 Initial J:   1626451.22028238     


          Process Rank      |Elapsed time (sec.)|CPU Time (sec.)
          ------------------|-------------------|----------------
             0              |      12.213       |       8.443
             1              |      12.213       |       7.517
             2              |      12.213       |       7.198
             3              |      12.213       |       6.934
             4              |      12.213       |       7.747
             5              |      12.213       |       8.178
             6              |      12.213       |       8.114
             7              |      12.213       |       8.044
             8              |      12.213       |       7.957
             9              |      12.213       |       7.744
            10              |      12.213       |       8.321
            11              |      12.213       |       7.975
            12              |      12.213       |       8.071
            13              |      12.213       |       8.149
            14              |      12.213       |       7.810
            15              |      12.213       |       8.176
            16              |      12.213       |       8.052
            17              |      12.213       |       7.897
            18              |      12.213       |       8.021
            19              |      12.213       |       7.748
            20              |      12.213       |       7.426
            21              |      12.213       |       8.339
            22              |      12.213       |       7.593
            23              |      12.213       |       8.437
            24              |      12.213       |       8.719
            25              |      12.213       |       8.825
            26              |      12.213       |       8.865
            27              |      12.213       |       8.316
            28              |      12.213       |       8.707
            29              |      12.213       |       8.921
            30              |      12.213       |       8.732
            31              |      12.213       |       8.578
            32              |      12.213       |       8.813
            33              |      12.213       |       8.978
            34              |      12.213       |       8.545
            35              |      12.213       |       8.240
            36              |      12.213       |       8.225
            37              |      12.213       |       8.634
            38              |      12.213       |       8.779
            39              |      12.213       |       8.386
            40              |      12.212       |       7.304
            41              |      12.212       |       5.661
            42              |      12.212       |       5.846
            43              |      12.212       |       6.234
            44              |      12.212       |       7.460
            45              |      12.212       |       6.915
            46              |      12.212       |       7.544
            47              |      12.212       |       7.406
            48              |      12.212       |       7.239
            49              |      12.212       |       7.355
            50              |      12.212       |       6.988
            51              |      12.212       |       7.265
            52              |      12.212       |       7.154
            53              |      12.212       |       7.056
            54              |      12.212       |       7.120
            55              |      12.212       |       7.139
            56              |      12.213       |       7.323
            57              |      12.212       |       7.206
            58              |      12.212       |       6.987
            59              |      12.212       |       7.473
            60              |      12.212       |       7.620
            61              |      12.213       |       7.621
            62              |      12.212       |       7.491
            63              |      12.212       |       7.299
            64              |      12.212       |       7.485
            65              |      12.212       |       7.749
            66              |      12.212       |       7.824
            67              |      12.213       |       7.626
            68              |      12.212       |       7.113
            69              |      12.212       |       7.894
            70              |      12.212       |       7.714
            71              |      12.212       |       7.612
            72              |      12.212       |       7.641
            73              |      12.213       |       7.197
            74              |      12.213       |       7.590
            75              |      12.212       |       7.507
            76              |      12.213       |       7.433
            77              |      12.213       |       7.685
            78              |      12.212       |       7.582
            79              |      12.213       |       7.684
            80              |      12.213       |       7.316
            81              |      12.213       |       5.727
            82              |      12.213       |       6.390
            83              |      12.213       |       6.544
            84              |      12.213       |       7.456
            85              |      12.213       |       6.761
            86              |      12.213       |       7.248
            87              |      12.213       |       7.308
            88              |      12.213       |       7.365
            89              |      12.213       |       7.385
            90              |      12.213       |       6.930
            91              |      12.213       |       7.304
            92              |      12.213       |       7.988
            93              |      12.213       |       7.414
            94              |      12.213       |       7.410
            95              |      12.213       |       7.344
            96              |      12.213       |       7.383
            97              |      12.213       |       7.060
            98              |      12.213       |       7.344
            99              |      12.213       |       7.340
           100              |      12.213       |       7.289
           101              |      12.213       |       7.160
           102              |      12.214       |       7.224
           103              |      12.213       |       7.268
           104              |      12.213       |       7.277
           105              |      12.213       |       7.160
           106              |      12.213       |       6.844
           107              |      12.213       |       6.849
           108              |      12.213       |       6.805
           109              |      12.213       |       7.066
           110              |      12.213       |       7.103
           111              |      12.213       |       7.154
           112              |      12.213       |       7.078
           113              |      12.214       |       7.097
           114              |      12.213       |       6.827
           115              |      12.213       |       6.839
           116              |      12.213       |       7.856
           117              |      12.213       |       7.210
           118              |      12.213       |       7.196
           119              |      12.213       |       6.615
           120              |      12.213       |       8.364
           121              |      12.214       |       6.868
           122              |      12.214       |       7.616
           123              |      12.213       |       6.815
           124              |      12.214       |       8.386
           125              |      12.214       |       8.181
           126              |      12.214       |       7.773
           127              |      12.214       |       8.272
           128              |      12.213       |       8.193
           129              |      12.213       |       7.979
           130              |      12.214       |       8.200
           131              |      12.213       |       8.381
           132              |      12.213       |       8.286
           133              |      12.213       |       8.140
           134              |      12.213       |       8.079
           135              |      12.214       |       8.106
           136              |      12.213       |       8.277
           137              |      12.213       |       8.127
           138              |      12.214       |       7.587
           139              |      12.213       |       8.890
           140              |      12.213       |       7.841
           141              |      12.213       |       8.224
           142              |      12.213       |       7.261
           143              |      12.213       |       8.211
           144              |      12.213       |       8.218
           145              |      12.213       |       7.811
           146              |      12.213       |       8.352
           147              |      12.213       |       7.891
           148              |      12.213       |       8.057
           149              |      12.213       |       8.178
           150              |      12.213       |       8.051
           151              |      12.213       |       8.190
           152              |      12.213       |       8.336
           153              |      12.213       |       7.974
           154              |      12.213       |       8.331
           155              |      12.213       |       8.238
           156              |      12.213       |       7.936
           157              |      12.213       |       8.141
           158              |      12.213       |       8.123
           159              |      12.213       |       8.242
          ------------------|-------------------|----------------
          Total time (sec.) |    1954.075       |    1227.253
          ------------------|-------------------|----------------
          Min.  time (sec.) |      12.212       |       5.661
          ------------------|-------------------|----------------
          Max.  time (sec.) |      12.214       |       8.978
          ------------------|-------------------|----------------
          Avg.  time (sec.) |      12.213       |       7.670
          ------------------|-------------------|----------------


 Initial Jo:   1626451.22028238     
 Jo(         100 ) =   1491986.19049682     
 Jo(         200 ) =   1419855.00434712     
 Jo(         300 ) =   1357603.93589710     
 Jo(         400 ) =   1311101.58044232     
 Jo(         500 ) =   1270662.73043584     
 Jo(         600 ) =   1237397.95301485     
 Jo(         700 ) =   1198381.59901188     
 Jo(         800 ) =   1170724.24157596     
 Jo(         900 ) =   1142889.13025165     
 Jo(        1000 ) =   1117693.61702416     
 Jobs, Jdyn:   1117693.61702416       0.000000000000000E+000
 Average cost function:   1117693.61702416     
 OPTIMALITY:        1001   1.03751634063801     
 Jo(        1100 ) =   1087196.46584405     
 Jo(        1200 ) =   1068235.28133000     
 Jo(        1300 ) =   1045272.85521973     
 Jo(        1400 ) =   1026463.27338659     
 Jo(        1500 ) =   1008758.37972640     
 Jo(        1600 ) =   995446.018719621     
 Jo(        1700 ) =   977355.763984660     
 Jo(        1800 ) =   962220.006835466     
 Jo(        1900 ) =   946876.531913936     
 Jo(        2000 ) =   935929.669698425     
 Jobs, Jdyn:   935929.669698425       0.000000000000000E+000
 Average cost function:   935929.669698425     
 OPTIMALITY:        2001  0.956882654727333     
 Jo(        2100 ) =   922370.389051296     
 Jo(        2200 ) =   907739.286811602     
 Jo(        2300 ) =   895512.274797816     
 Jo(        2400 ) =   881809.554527136     
 Jo(        2500 ) =   872846.210706286     
 Jo(        2600 ) =   865403.030934454     
 Jo(        2700 ) =   855528.635649297     
 Jo(        2800 ) =   845287.034697730     
 Jo(        2900 ) =   835323.875203512     
 Jo(        3000 ) =   827166.713055564     
 Jobs, Jdyn:   827166.713055564       0.000000000000000E+000
 Average cost function:   827166.713055564     
 OPTIMALITY:        3001  0.904016086322101     
 Jo(        3100 ) =   817941.348087673     
 Jo(        3200 ) =   811163.402128703     
 Jo(        3300 ) =   802003.858674273     
 Jo(        3400 ) =   793828.950204211     
 Jo(        3500 ) =   785783.965547616     
 Jo(        3600 ) =   778522.267979297     
 Jo(        3700 ) =   771677.560899861     
 Jo(        3800 ) =   763859.754633890     
 Jo(        3900 ) =   757125.311069626     
 Jo(        4000 ) =   751750.528667226     
 Jobs, Jdyn:   751750.528667226       0.000000000000000E+000
 Average cost function:   751750.528667226     
 OPTIMALITY:        4001  0.866431656587834     
 Jo(        4100 ) =   745493.411848571     
 Jo(        4200 ) =   739948.450985186     
 Jo(        4300 ) =   734800.229946587     
 Jo(        4400 ) =   729145.237701433     
 Jo(        4500 ) =   723284.268498597     
 Jo(        4600 ) =   716593.156980471     
 Jo(        4700 ) =   710987.792214892     
 Jo(        4800 ) =   705845.967893336     
 Jo(        4900 ) =   699951.813891912     
 Jo(        5000 ) =   694922.724005849     
 Jobs, Jdyn:   694922.724005849       0.000000000000000E+000
 Average cost function:   694922.724005849     
 OPTIMALITY:        5001  0.836426962354882     
 Jo(        5100 ) =   690453.636085902     
 Jo(        5200 ) =   686135.166081248     
 Jo(        5300 ) =   681559.758850461     
 Jo(        5400 ) =   676843.330128548     
 Jo(        5500 ) =   672730.382728762     
 Jo(        5600 ) =   667106.492209683     
 Jo(        5700 ) =   662500.157733571     
 Jo(        5800 ) =   658900.702757436     
 Jo(        5900 ) =   655116.861255670     
 Jo(        6000 ) =   651670.378953566     
 Jobs, Jdyn:   651670.378953566       0.000000000000000E+000
 Average cost function:   651670.378953566     
 OPTIMALITY:        6001  0.811502358701187     
 Jo(        6100 ) =   648268.338788535     
 Jo(        6200 ) =   644761.145849583     
 Jo(        6300 ) =   641638.471008626     
 Jo(        6400 ) =   638700.671096768     
 Jo(        6500 ) =   635085.853387160     
 Jo(        6600 ) =   631968.998854612     
 Jo(        6700 ) =   628722.714388138     
 Jo(        6800 ) =   625738.363742516     
 Jo(        6900 ) =   623106.683477729     
 Jo(        7000 ) =   620475.550720372     
 Jobs, Jdyn:   620475.550720372       0.000000000000000E+000
 Average cost function:   620475.550720372     
 OPTIMALITY:        7001  0.793660942527721     
 Jo(        7100 ) =   617425.236182498     
 Jo(        7200 ) =   615048.931779346     
 Jo(        7300 ) =   612394.912891863     
 Jo(        7400 ) =   608714.666350211     
 Jo(        7500 ) =   606274.163394902     
 Jo(        7600 ) =   604008.087873585     
 Jo(        7700 ) =   600929.176739722     
 Jo(        7800 ) =   598292.941484145     
 Jo(        7900 ) =   595610.308045581     
 Jo(        8000 ) =   593078.107223911     
 Jobs, Jdyn:   593078.107223911       0.000000000000000E+000
 Average cost function:   593078.107223911     
 OPTIMALITY:        8001  0.778270517400372     
 Jo(        8100 ) =   591461.669206428     
 Jo(        8200 ) =   588859.315621417     
 Jo(        8300 ) =   586423.086834400     
 Jo(        8400 ) =   584282.922241464     
 Jo(        8500 ) =   581969.355356741     
 Jo(        8600 ) =   579713.676491937     
 Jo(        8700 ) =   577232.132031060     
 Jo(        8800 ) =   575025.530152766     
 Jo(        8900 ) =   572737.553227015     
 Jo(        9000 ) =   570700.475434253     
 Jobs, Jdyn:   570700.475434253       0.000000000000000E+000
 Average cost function:   570700.475434253     
 OPTIMALITY:        9001  0.764602905379405     
 Jo(        9100 ) =   568435.626495746     
 Jo(        9200 ) =   566316.606116028     
 Jo(        9300 ) =   564322.373581994     
 Jo(        9400 ) =   562618.813350473     
 Jo(        9500 ) =   560607.972747253     
 Jo(        9600 ) =   558937.487980669     
 Jo(        9700 ) =   556958.983679837     
 Jo(        9800 ) =   555065.006622212     
 Jo(        9900 ) =   553578.931289889     
 Jo(       10000 ) =   551482.610037561     
 Jobs, Jdyn:   551482.610037561       0.000000000000000E+000
 Average cost function:   551482.610037561     
 OPTIMALITY:       10001  0.751756308705308     


          Process Rank      |Elapsed time (sec.)|CPU Time (sec.)
          ------------------|-------------------|----------------
             0              |     203.365       |     202.283
             1              |     203.367       |     202.521
             2              |     203.366       |     202.533
             3              |     203.368       |     202.528
             4              |     203.367       |     202.351
             5              |     203.367       |     202.498
             6              |     203.367       |     202.494
             7              |     203.367       |     202.434
             8              |     203.366       |     202.495
             9              |     203.367       |     202.487
            10              |     203.367       |     202.491
            11              |     203.366       |     202.476
            12              |     203.367       |     202.527
            13              |     203.367       |     202.523
            14              |     203.367       |     202.507
            15              |     203.367       |     202.516
            16              |     203.367       |     202.515
            17              |     203.367       |     202.536
            18              |     203.367       |     202.518
            19              |     203.366       |     202.520
            20              |     203.367       |     202.553
            21              |     203.367       |     202.572
            22              |     203.367       |     202.565
            23              |     203.367       |     202.573
            24              |     203.368       |     202.554
            25              |     203.367       |     202.576
            26              |     203.367       |     202.583
            27              |     203.367       |     202.566
            28              |     203.367       |     202.557
            29              |     203.367       |     202.580
            30              |     203.367       |     202.564
            31              |     203.367       |     202.579
            32              |     203.365       |     202.562
            33              |     203.367       |     202.580
            34              |     203.368       |     202.567
            35              |     203.368       |     202.567
            36              |     203.367       |     202.607
            37              |     203.367       |     202.608
            38              |     203.367       |     202.601
            39              |     203.367       |     202.595
            40              |     203.367       |     202.288
            41              |     203.367       |     202.533
            42              |     203.367       |     202.550
            43              |     203.367       |     202.554
            44              |     203.367       |     202.395
            45              |     203.368       |     202.530
            46              |     203.367       |     202.522
            47              |     203.366       |     202.514
            48              |     203.366       |     202.516
            49              |     203.367       |     202.504
            50              |     203.367       |     202.467
            51              |     203.367       |     202.533
            52              |     203.367       |     202.529
            53              |     203.367       |     202.551
            54              |     203.368       |     202.552
            55              |     203.368       |     202.562
            56              |     203.367       |     202.568
            57              |     203.367       |     202.564
            58              |     203.367       |     202.570
            59              |     203.367       |     202.556
            60              |     203.367       |     202.514
            61              |     203.367       |     202.530
            62              |     203.367       |     202.535
            63              |     203.367       |     202.535
            64              |     203.365       |     202.522
            65              |     203.367       |     202.503
            66              |     203.367       |     202.452
            67              |     203.367       |     202.534
            68              |     203.368       |     202.521
            69              |     203.367       |     202.538
            70              |     203.367       |     202.508
            71              |     203.367       |     202.528
            72              |     203.367       |     202.519
            73              |     203.367       |     202.532
            74              |     203.367       |     202.528
            75              |     203.367       |     202.531
            76              |     203.367       |     202.533
            77              |     203.368       |     202.532
            78              |     203.368       |     202.535
            79              |     203.368       |     202.529
            80              |     203.366       |     202.251
            81              |     203.367       |     202.462
            82              |     203.367       |     202.492
            83              |     203.367       |     202.481
            84              |     203.367       |     202.336
            85              |     203.367       |     202.463
            86              |     203.367       |     202.452
            87              |     203.367       |     202.461
            88              |     203.367       |     202.403
            89              |     203.367       |     202.437
            90              |     203.367       |     202.427
            91              |     203.367       |     202.432
            92              |     203.367       |     202.475
            93              |     203.367       |     202.474
            94              |     203.367       |     202.473
            95              |     203.367       |     202.477
            96              |     203.365       |     202.472
            97              |     203.368       |     202.473
            98              |     203.367       |     202.472
            99              |     203.367       |     202.479
           100              |     203.367       |     202.491
           101              |     203.367       |     202.513
           102              |     203.367       |     202.514
           103              |     203.367       |     202.518
           104              |     203.368       |     202.502
           105              |     203.366       |     202.489
           106              |     203.367       |     202.490
           107              |     203.367       |     202.385
           108              |     203.368       |     202.484
           109              |     203.366       |     202.489
           110              |     203.367       |     202.511
           111              |     203.367       |     202.505
           112              |     203.366       |     202.495
           113              |     203.367       |     202.508
           114              |     203.367       |     202.506
           115              |     203.368       |     202.504
           116              |     203.367       |     202.522
           117              |     203.367       |     202.529
           118              |     203.367       |     202.528
           119              |     203.367       |     202.524
           120              |     203.367       |     202.296
           121              |     203.367       |     202.485
           122              |     203.367       |     202.516
           123              |     203.367       |     202.508
           124              |     203.367       |     202.374
           125              |     203.367       |     202.484
           126              |     203.368       |     202.471
           127              |     203.367       |     202.485
           128              |     203.367       |     202.489
           129              |     203.367       |     202.477
           130              |     203.367       |     202.490
           131              |     203.367       |     202.445
           132              |     203.367       |     202.522
           133              |     203.368       |     202.519
           134              |     203.367       |     202.517
           135              |     203.367       |     202.510
           136              |     203.367       |     202.521
           137              |     203.367       |     202.513
           138              |     203.367       |     202.510
           139              |     203.367       |     202.502
           140              |     203.367       |     202.534
           141              |     203.367       |     202.532
           142              |     203.367       |     202.541
           143              |     203.367       |     202.539
           144              |     203.368       |     202.527
           145              |     203.367       |     202.544
           146              |     203.367       |     202.549
           147              |     203.367       |     202.549
           148              |     203.367       |     202.512
           149              |     203.368       |     202.520
           150              |     203.367       |     202.518
           151              |     203.367       |     202.531
           152              |     203.367       |     202.540
           153              |     203.367       |     202.544
           154              |     203.367       |     202.551
           155              |     203.367       |     202.545
           156              |     203.367       |     202.421
           157              |     203.368       |     202.533
           158              |     203.367       |     202.542
           159              |     203.367       |     202.538
          ------------------|-------------------|----------------
          Total time (sec.) |   32538.723       |   32401.221
          ------------------|-------------------|----------------
          Min.  time (sec.) |     203.365       |     202.251
          ------------------|-------------------|----------------
          Max.  time (sec.) |     203.368       |     202.608
          ------------------|-------------------|----------------
          Avg.  time (sec.) |     203.367       |     202.508
          ------------------|-------------------|----------------


 Evaluations of cost function:       78797


          Process Rank      |Elapsed time (sec.)|CPU Time (sec.)
          ------------------|-------------------|----------------
             0              |      10.245       |       9.160
             1              |       9.799       |       8.639
             2              |       9.674       |       8.640
             3              |       9.596       |       8.641
             4              |       9.457       |       8.643
             5              |       9.285       |       8.633
             6              |       9.599       |       8.601
             7              |       9.413       |       8.589
             8              |       9.494       |       8.606
             9              |       9.413       |       8.596
            10              |       9.385       |       8.597
            11              |       9.604       |       8.581
            12              |       9.451       |       8.591
            13              |       9.451       |       8.568
            14              |       9.675       |       8.579
            15              |       9.881       |       8.570
            16              |       9.881       |       8.531
            17              |       8.980       |       8.597
            18              |       9.573       |       8.590
            19              |       9.562       |       8.576
            20              |       9.385       |       8.588
            21              |       9.881       |       8.592
            22              |       9.562       |       8.604
            23              |       9.894       |       8.599
            24              |       9.675       |       8.551
            25              |       9.892       |       8.598
            26              |       9.886       |       8.585
            27              |       9.573       |       8.606
            28              |       9.888       |       8.601
            29              |       9.589       |       8.609
            30              |       9.573       |       8.607
            31              |       9.881       |       8.599
            32              |       9.324       |       8.583
            33              |       9.893       |       8.608
            34              |       9.562       |       8.602
            35              |       9.888       |       8.584
            36              |       9.562       |       8.601
            37              |       9.675       |       8.604
            38              |       9.674       |       8.603
            39              |       9.591       |       8.597
            40              |       9.840       |       8.533
            41              |       9.754       |       8.581
            42              |       9.504       |       8.561
            43              |       9.642       |       8.593
            44              |       9.607       |       8.596
            45              |       9.729       |       8.593
            46              |       9.505       |       8.597
            47              |       9.504       |       8.632
            48              |       9.339       |       8.646
            49              |       9.504       |       8.644
            50              |       9.365       |       8.641
            51              |       9.874       |       8.647
            52              |       9.846       |       8.647
            53              |       9.504       |       8.604
            54              |       9.504       |       8.579
            55              |       9.504       |       8.574
            56              |       9.762       |       8.587
            57              |       9.318       |       8.564
            58              |       9.754       |       8.579
            59              |       9.846       |       8.576
            60              |       9.754       |       8.608
            61              |       9.608       |       8.607
            62              |       9.608       |       8.608
            63              |       9.365       |       8.599
            64              |       9.505       |       8.609
            65              |       9.422       |       8.596
            66              |       9.608       |       8.579
            67              |       9.849       |       8.608
            68              |       9.879       |       8.597
            69              |       9.505       |       8.610
            70              |       9.505       |       8.645
            71              |       9.318       |       8.647
            72              |       9.504       |       8.646
            73              |       9.505       |       8.647
            74              |       9.754       |       8.594
            75              |       9.752       |       8.604
            76              |       9.629       |       8.606
            77              |       9.753       |       8.603
            78              |       9.729       |       8.606
            79              |       9.504       |       8.602
            80              |       8.679       |       8.553
            81              |       9.516       |       8.584
            82              |       9.722       |       8.587
            83              |       9.234       |       8.606
            84              |       9.797       |       8.593
            85              |       9.655       |       8.579
            86              |       9.456       |       8.596
            87              |       9.655       |       8.607
            88              |       9.515       |       8.608
            89              |       8.842       |       8.602
            90              |       9.515       |       8.594
            91              |       9.325       |       8.591
            92              |       9.766       |       8.547
            93              |       9.205       |       8.646
            94              |       9.515       |       8.648
            95              |       9.514       |       8.649
            96              |       9.797       |       8.648
            97              |       9.273       |       8.646
            98              |       9.381       |       8.645
            99              |       9.273       |       8.632
           100              |       9.197       |       8.648
           101              |       9.828       |       8.649
           102              |       9.516       |       8.649
           103              |       9.252       |       8.641
           104              |       9.042       |       8.643
           105              |       9.722       |       8.642
           106              |       9.515       |       8.649
           107              |       9.655       |       8.649
           108              |       9.782       |       8.648
           109              |       9.514       |       8.649
           110              |       9.722       |       8.647
           111              |       9.205       |       8.646
           112              |       9.619       |       8.650
           113              |       9.123       |       8.642
           114              |       9.381       |       8.649
           115              |       9.514       |       8.647
           116              |       9.297       |       8.602
           117              |       9.252       |       8.644
           118              |       9.169       |       8.644
           119              |       9.653       |       8.650
           120              |       8.683       |       8.558
           121              |       9.896       |       8.584
           122              |       9.893       |       8.601
           123              |       9.896       |       8.598
           124              |       9.897       |       8.593
           125              |       9.887       |       8.594
           126              |       9.896       |       8.586
           127              |       9.895       |       8.589
           128              |       9.313       |       8.600
           129              |       9.873       |       8.607
           130              |       9.630       |       8.600
           131              |       9.578       |       8.593
           132              |       9.551       |       8.583
           133              |       9.895       |       8.590
           134              |       9.897       |       8.587
           135              |       9.896       |       8.594
           136              |       9.618       |       8.608
           137              |       9.647       |       8.586
           138              |       9.896       |       8.526
           139              |       9.886       |       8.567
           140              |       9.873       |       8.648
           141              |       9.387       |       8.648
           142              |       9.387       |       8.643
           143              |       8.683       |       8.641
           144              |       9.650       |       8.647
           145              |       9.611       |       8.647
           146              |       9.896       |       8.647
           147              |       9.897       |       8.644
           148              |       9.887       |       8.646
           149              |       9.864       |       8.646
           150              |       9.895       |       8.647
           151              |       9.897       |       8.647
           152              |       9.886       |       8.645
           153              |       9.896       |       8.643
           154              |       9.895       |       8.644
           155              |       9.655       |       8.647
           156              |       9.895       |       8.646
           157              |       8.683       |       8.642
           158              |       9.897       |       8.645
           159              |       9.895       |       8.643
          ------------------|-------------------|----------------
          Total time (sec.) |    1535.363       |    1378.344
          ------------------|-------------------|----------------
          Min.  time (sec.) |       8.679       |       8.526
          ------------------|-------------------|----------------
          Max.  time (sec.) |      10.245       |       9.160
          ------------------|-------------------|----------------
          Avg.  time (sec.) |       9.596       |       8.615
          ------------------|-------------------|----------------


